1
5
7
18
20
21
22
23
25
29
37
42
43
49
53
69
70
79
80
103
108
109
110
115
118
119
137
143
150
156
161
179
190
194
197
389
396
443
444
445
458
546
547
563
569
587
1080
1167
2433
3389
81
300
591
593
832
981
1010
1311
1099
2082
2095
2096
2480
3000
3128
3333
4243
4567
4711
4712
4993
5000
5104
5108
5280
5281
5601
5800
6543
7000
7001
7396
7474
8000
8001
8008
8014
8042
8060
8069
8080
8081
8083
8088
8090
8091
8095
8118
8123
8172
8181
8222
8243
8280
8281
8333
8337
8443
8500
8834
8880
8888
8983
9000
9001
9043
9060
9080
9090
9091
9200
9443
9502
9800
9981
10000
10250
11371
12443
15672
16080
17778
18091
18092
20720
32000
55672